0 0.434000 0.897500 0.106000 0.199000
0 0.275000 0.840000 0.090000 0.144000
0 0.599000 0.640000 0.078000 0.098000
0 0.863000 0.704500 0.110000 0.103000
0 0.830000 0.611500 0.078000 0.071000
0 0.380500 0.625500 0.055000 0.077000
0 0.307000 0.527500 0.048000 0.071000
0 0.239000 0.519500 0.042000 0.059000
0 0.634000 0.561000 0.054000 0.054000
0 0.668500 0.520000 0.047000 0.050000
0 0.859000 0.944000 0.112000 0.108000
0 0.336500 0.427681 0.028875 0.029611
0 0.510207 0.457424 0.043648 0.039014
0 0.564957 0.484764 0.042273 0.050361
0 0.567488 0.441958 0.041742 0.035972
0 0.424898 0.419674 0.039172 0.042653
0 0.343605 0.410090 0.028398 0.021764
0 0.253254 0.405743 0.027914 0.033958
0 0.234121 0.399181 0.023398 0.021361
0 0.188914 0.394972 0.024672 0.024167
0 0.984738 0.638757 0.030523 0.090347
0 0.295074 0.461194 0.046523 0.048750
0 0.346742 0.492979 0.044078 0.039181
0 0.191062 0.439431 0.026344 0.048750
