0 0.395000 0.692500 0.066000 0.099000
0 0.503500 0.552500 0.053000 0.063000
0 0.266500 0.537000 0.041000 0.066000
0 0.866500 0.719500 0.097000 0.101000
0 0.733500 0.619000 0.069000 0.076000
0 0.619000 0.549500 0.054000 0.067000
0 0.559500 0.513000 0.051000 0.054000
0 0.744000 0.558500 0.058000 0.059000
0 0.370000 0.506000 0.052000 0.070000
0 0.653570 0.518097 0.051141 0.039806
0 0.210500 0.483000 0.039000 0.060000
0 0.288500 0.503000 0.039000 0.054000
0 0.428000 0.498500 0.048000 0.061000
0 0.778000 0.535000 0.050000 0.056000
0 0.454000 0.958000 0.122000 0.082000
0 0.509113 0.446562 0.122383 0.127931
0 0.348480 0.430944 0.033430 0.036250
0 0.362059 0.416514 0.027602 0.028472
0 0.437363 0.436611 0.032352 0.040306
0 0.664031 0.491500 0.052891 0.033083
0 0.243832 0.466861 0.036164 0.048639
0 0.188969 0.437056 0.036875 0.034194
0 0.225484 0.426549 0.035109 0.028236
0 0.218254 0.400222 0.034758 0.026944
