0 0.285500 0.777000 0.083000 0.168000
0 0.522500 0.689500 0.071000 0.121000
0 0.397500 0.657000 0.075000 0.138000
0 0.685000 0.720500 0.092000 0.131000
0 0.546500 0.581500 0.075000 0.105000
0 0.445000 0.574500 0.056000 0.073000
0 0.285500 0.630000 0.055000 0.084000
0 0.678000 0.580000 0.064000 0.072000
0 0.812000 0.678500 0.088000 0.093000
0 0.936000 0.692000 0.090000 0.086000
0 0.928000 0.607000 0.086000 0.078000
0 0.680500 0.961000 0.109000 0.076000
0 0.278336 0.589840 0.049938 0.058847
0 0.330453 0.548292 0.044422 0.061417
0 0.343734 0.484062 0.045875 0.064236
0 0.237309 0.523979 0.035320 0.047236
0 0.200926 0.477014 0.035352 0.052444
0 0.211824 0.436597 0.039039 0.033694
0 0.240508 0.468444 0.037109 0.039222
0 0.264961 0.447688 0.043906 0.040319
0 0.893195 0.957333 0.164125 0.085333
0 0.590973 0.531958 0.052977 0.051361
0 0.608434 0.469882 0.051773 0.057792
0 0.663816 0.472021 0.048164 0.042819
0 0.500281 0.485063 0.048438 0.042625
0 0.446246 0.465771 0.038867 0.043208
0 0.538758 0.435243 0.036937 0.033403
0 0.473223 0.424444 0.049398 0.046944
0 0.390844 0.441562 0.034703 0.037792
0 0.378707 0.415194 0.030086 0.032000
0 0.315172 0.419222 0.031891 0.031056
0 0.262730 0.411056 0.026570 0.025111
0 0.237617 0.401653 0.027625 0.031611
0 0.189410 0.397653 0.019664 0.024361
0 0.170480 0.392542 0.016945 0.022306
0 0.979203 0.582819 0.041594 0.065556
