0 0.294000 0.777500 0.080000 0.145000
0 0.545000 0.736000 0.078000 0.116000
0 0.733000 0.795500 0.122000 0.173000
0 0.508000 0.561000 0.056000 0.068000
0 0.300000 0.592000 0.046000 0.076000
0 0.746000 0.576500 0.070000 0.063000
0 0.737500 0.492000 0.053000 0.054000
0 0.911500 0.592500 0.087000 0.069000
0 0.898754 0.452799 0.064070 0.055403
0 0.386551 0.638056 0.082727 0.183333
0 0.431316 0.508611 0.050992 0.061444
0 0.250281 0.551944 0.041359 0.045278
0 0.328758 0.539340 0.040797 0.050347
0 0.295043 0.505590 0.040227 0.059431
0 0.264164 0.480403 0.038531 0.047333
0 0.373520 0.473319 0.039664 0.041361
0 0.329891 0.486444 0.040797 0.045333
0 0.291359 0.435569 0.036266 0.040306
0 0.401953 0.417424 0.037344 0.037653
0 0.323305 0.415507 0.038391 0.035764
0 0.262039 0.408028 0.034391 0.029917
0 0.213020 0.402153 0.025602 0.027361
0 0.192895 0.390389 0.027820 0.031972
0 0.921277 0.551743 0.069539 0.054847
0 0.431941 0.568444 0.033430 0.065472
