0 0.273000 0.831500 0.080000 0.153000
0 0.607500 0.882500 0.111000 0.167000
0 0.687500 0.740000 0.095000 0.128000
0 0.276500 0.701000 0.061000 0.092000
0 0.461000 0.948500 0.120000 0.099000
0 0.480000 0.614000 0.066000 0.092000
0 0.378000 0.612000 0.058000 0.092000
0 0.771000 0.654000 0.078000 0.090000
0 0.768500 0.569000 0.071000 0.078000
0 0.635000 0.558500 0.056000 0.059000
0 0.816000 0.522000 0.060000 0.060000
0 0.498293 0.476507 0.042633 0.039625
0 0.555055 0.468639 0.057797 0.061139
0 0.596387 0.468312 0.035852 0.044875
0 0.237895 0.534326 0.038773 0.045514
0 0.277035 0.487500 0.040977 0.045528
0 0.307559 0.468646 0.041133 0.035681
0 0.399508 0.447049 0.031828 0.028625
0 0.428770 0.434986 0.039883 0.042333
0 0.326180 0.425542 0.034984 0.029139
0 0.318523 0.406833 0.026234 0.022833
0 0.240785 0.409021 0.022680 0.023319
0 0.190289 0.397535 0.022141 0.028736
0 0.267137 0.409708 0.023461 0.022722
0 0.967617 0.690764 0.064766 0.114028
