0 0.248500 0.914000 0.105000 0.162000
0 0.283500 0.688000 0.067000 0.118000
0 0.408500 0.676000 0.063000 0.114000
0 0.521000 0.660500 0.078000 0.123000
0 0.776000 0.860500 0.122000 0.153000
0 0.265500 0.588500 0.049000 0.079000
0 0.456500 0.600000 0.055000 0.088000
0 0.853500 0.695500 0.099000 0.095000
0 0.677000 0.959500 0.120000 0.079000
0 0.701500 0.598000 0.067000 0.080000
0 0.876000 0.643500 0.090000 0.083000
0 0.339500 0.544500 0.051000 0.065000
0 0.716500 0.514500 0.059000 0.063000
0 0.237500 0.521500 0.037000 0.059000
0 0.495070 0.549979 0.054719 0.061347
0 0.423070 0.541882 0.061594 0.078264
0 0.266867 0.482653 0.037313 0.039389
0 0.231242 0.451382 0.039359 0.033986
0 0.577637 0.485521 0.048680 0.057542
0 0.594699 0.465674 0.036633 0.044597
0 0.445770 0.465451 0.039898 0.041486
0 0.459699 0.447382 0.027602 0.041042
0 0.487551 0.433778 0.035633 0.045056
0 0.363469 0.440021 0.034375 0.038819
0 0.373129 0.411472 0.032617 0.029000
0 0.314141 0.427528 0.030156 0.031667
0 0.312129 0.403951 0.028070 0.026042
0 0.265129 0.396271 0.020805 0.021319
0 0.249270 0.409389 0.023523 0.025889
0 0.210594 0.406257 0.022406 0.034597
0 0.226977 0.383597 0.026328 0.033111
0 0.231738 0.409736 0.018477 0.027639
0 0.176289 0.391944 0.024922 0.025889
0 0.977305 0.607840 0.045391 0.174458
