0 0.529000 0.727000 0.074000 0.108000
0 0.429000 0.937000 0.122000 0.124000
0 0.386000 0.626000 0.062000 0.096000
0 0.455500 0.587500 0.059000 0.077000
0 0.274000 0.599500 0.048000 0.077000
0 0.720500 0.603000 0.069000 0.088000
0 0.778500 0.559000 0.083000 0.098000
0 0.848000 0.560000 0.068000 0.082000
0 0.813000 0.923500 0.152000 0.143000
0 0.586000 0.529000 0.050000 0.060000
0 0.577000 0.482500 0.052000 0.057000
0 0.345824 0.493472 0.042742 0.048833
0 0.258848 0.549146 0.040633 0.051986
0 0.455023 0.517549 0.049516 0.056514
0 0.482535 0.468639 0.043602 0.044472
0 0.375238 0.441514 0.035555 0.033861
0 0.409102 0.434028 0.032172 0.032278
0 0.481262 0.432938 0.035977 0.033097
0 0.613238 0.470451 0.039445 0.050375
0 0.266652 0.480910 0.045523 0.050597
0 0.302063 0.408958 0.032250 0.033722
0 0.250215 0.395757 0.029086 0.030903
0 0.213066 0.406938 0.028773 0.035542
0 0.171801 0.395382 0.017961 0.026486
0 0.184965 0.389757 0.020211 0.027569
