0 0.301500 0.650500 0.057000 0.095000
0 0.627000 0.867500 0.120000 0.167000
0 0.424500 0.561000 0.051000 0.072000
0 0.331000 0.535000 0.044000 0.062000
0 0.258500 0.547000 0.045000 0.074000
0 0.709500 0.552000 0.063000 0.062000
0 0.776500 0.653000 0.083000 0.078000
0 0.821000 0.557500 0.070000 0.061000
0 0.803000 0.510500 0.070000 0.059000
0 0.571000 0.519500 0.052000 0.063000
0 0.682500 0.498500 0.055000 0.055000
0 0.961500 0.606000 0.071000 0.080000
0 0.277500 0.491000 0.045000 0.052000
0 0.374754 0.511236 0.046164 0.051611
0 0.324238 0.475875 0.040352 0.035611
0 0.259977 0.948271 0.088141 0.103458
0 0.473367 0.972653 0.104781 0.054694
0 0.504187 0.424681 0.108875 0.094972
0 0.650512 0.440417 0.128617 0.097556
0 0.566473 0.478611 0.051070 0.048000
0 0.389293 0.427090 0.032898 0.029681
0 0.343555 0.430854 0.027109 0.026458
0 0.363332 0.409771 0.023102 0.024736
0 0.302348 0.419667 0.021914 0.024750
0 0.282930 0.402028 0.028797 0.023444
0 0.249105 0.401597 0.029164 0.026028
0 0.219699 0.394389 0.021664 0.026250
0 0.205777 0.392229 0.017805 0.023236
0 0.179344 0.395569 0.020328 0.023889
