0 0.597500 0.823000 0.097000 0.140000
0 0.660000 0.694000 0.092000 0.120000
0 0.400500 0.676000 0.067000 0.110000
0 0.496000 0.627500 0.068000 0.103000
0 0.877500 0.930500 0.163000 0.137000
0 0.766500 0.637000 0.081000 0.098000
0 0.919500 0.652500 0.103000 0.107000
0 0.371000 0.590500 0.052000 0.071000
0 0.531000 0.583000 0.060000 0.068000
0 0.648000 0.563500 0.060000 0.067000
0 0.374500 0.516000 0.047000 0.060000
0 0.309000 0.518500 0.044000 0.063000
0 0.445000 0.499000 0.056000 0.072000
0 0.703000 0.504500 0.060000 0.067000
0 0.665500 0.965000 0.113000 0.066000
0 0.258203 0.480514 0.034594 0.044222
0 0.334184 0.479132 0.045086 0.051125
0 0.380953 0.477535 0.041641 0.042014
0 0.419016 0.434354 0.040125 0.036625
0 0.468137 0.449583 0.039039 0.040861
0 0.468348 0.421611 0.036430 0.027333
0 0.543660 0.505882 0.045352 0.049569
0 0.630156 0.511854 0.053750 0.048375
0 0.543996 0.456611 0.047367 0.052556
0 0.226605 0.921847 0.137898 0.156306
0 0.250793 0.446382 0.037305 0.032986
0 0.262973 0.414563 0.024180 0.023319
0 0.297359 0.417562 0.031844 0.030653
0 0.346684 0.424562 0.032586 0.022653
0 0.343949 0.402563 0.039555 0.027986
0 0.172938 0.398535 0.017562 0.017847
0 0.188254 0.392868 0.017180 0.017208
0 0.217598 0.405806 0.020898 0.019306
0 0.238234 0.403889 0.022969 0.026639
0 0.408578 0.415694 0.038422 0.033667
0 0.968629 0.861833 0.062742 0.172056
0 0.194637 0.441396 0.029680 0.044764
