0 0.245746 0.469868 0.038680 0.040792
0 0.559500 0.774000 0.083000 0.124000
0 0.282500 0.652500 0.059000 0.101000
0 0.503000 0.647500 0.074000 0.107000
0 0.835500 0.692000 0.087000 0.086000
0 0.431500 0.945500 0.123000 0.103000
0 0.765500 0.602500 0.071000 0.071000
0 0.825500 0.549000 0.075000 0.072000
0 0.970000 0.717000 0.060000 0.090000
0 0.324000 0.522500 0.048000 0.081000
0 0.263000 0.541500 0.048000 0.065000
0 0.384156 0.482965 0.044563 0.045264
0 0.220629 0.935042 0.125914 0.129917
0 0.614621 0.502062 0.052695 0.049347
0 0.621699 0.446160 0.049867 0.048347
0 0.633660 0.481417 0.046586 0.038278
0 0.558199 0.458556 0.034383 0.044222
0 0.459793 0.470264 0.042430 0.036417
0 0.485402 0.460187 0.031461 0.035764
0 0.390109 0.429618 0.034750 0.037069
0 0.347871 0.435472 0.032227 0.027972
0 0.323164 0.419542 0.030359 0.031222
0 0.307617 0.404910 0.029266 0.026653
0 0.274145 0.409472 0.028898 0.025333
0 0.206148 0.393924 0.034109 0.031736
