0 0.533500 0.678000 0.073000 0.114000
0 0.440500 0.580000 0.057000 0.074000
0 0.499500 0.554000 0.065000 0.074000
0 0.721500 0.547000 0.067000 0.072000
0 0.837500 0.615500 0.091000 0.079000
0 0.596000 0.529500 0.052000 0.061000
0 0.834000 0.549500 0.080000 0.069000
0 0.341000 0.541500 0.044000 0.063000
0 0.248000 0.512500 0.044000 0.071000
0 0.972715 0.726007 0.054570 0.118681
0 0.626199 0.498167 0.051211 0.057222
0 0.351844 0.474097 0.045359 0.066333
0 0.448418 0.457847 0.050477 0.049417
0 0.493410 0.461097 0.038773 0.037722
0 0.256184 0.456868 0.032555 0.035764
0 0.366539 0.436389 0.040109 0.037722
0 0.383234 0.424347 0.023328 0.023306
0 0.434246 0.422417 0.034055 0.025111
0 0.325965 0.420069 0.029992 0.029806
0 0.246141 0.432667 0.041328 0.033167
0 0.200840 0.399938 0.024164 0.029514
0 0.176586 0.391326 0.024344 0.027292
0 0.519613 0.440833 0.049102 0.042139
0 0.287156 0.403833 0.027453 0.035361
0 0.287363 0.598437 0.068930 0.154014
