0 0.258500 0.896500 0.125000 0.197000
0 0.285500 0.625000 0.061000 0.110000
0 0.624500 0.677000 0.079000 0.106000
0 0.475000 0.630500 0.062000 0.087000
0 0.543500 0.581500 0.061000 0.077000
0 0.438500 0.579500 0.053000 0.071000
0 0.778500 0.646000 0.091000 0.102000
0 0.330000 0.535000 0.046000 0.062000
0 0.379000 0.506000 0.050000 0.070000
0 0.841000 0.617500 0.074000 0.073000
0 0.700000 0.536500 0.060000 0.061000
0 0.615500 0.497000 0.053000 0.058000
0 0.292000 0.502500 0.042000 0.053000
0 0.667031 0.466042 0.039375 0.039889
0 0.737926 0.514201 0.049102 0.054931
0 0.465934 0.516153 0.057227 0.066889
0 0.551930 0.473708 0.048375 0.052833
0 0.559516 0.450389 0.043312 0.042167
0 0.232352 0.468222 0.033859 0.035361
0 0.276371 0.463708 0.036398 0.036861
0 0.325563 0.445514 0.045906 0.041389
0 0.373656 0.440986 0.035984 0.036333
0 0.409355 0.449271 0.033039 0.037292
0 0.464934 0.449972 0.038477 0.042833
0 0.516609 0.430660 0.046422 0.041931
0 0.342945 0.415493 0.029578 0.025903
0 0.299625 0.404243 0.026281 0.026986
0 0.267398 0.412257 0.018344 0.022653
0 0.226383 0.407347 0.024844 0.023861
0 0.174691 0.375875 0.069727 0.074639
0 0.254543 0.404368 0.023992 0.032986
